[run]
restart_file = runs/run_1/checkpoints/checkpoints_s8.h5
stop_wall_time = 86400
stop_sim_time = 8000
stop_iteration = 100000000
dt = 1e-2

[params]
Lx = 14.5950878216
Ly = 14.5950878216
Lz = 80
Laguerre = False


nx = 0
ny = 48
nz = 64

Pr = 1.
Re = 0.
Ra = 18.
ampl = 1e-5
tau = 2
