[run]
stop_wall_time = 86400
stop_sim_time = 4000
stop_iteration = 100000000
dt = 1e-2

[params]
Lx = 14.5950878216
Ly = 145.950878216
Lz = 80
Laguerre = False


nx = 0
ny = 720
nz = 64

Pr = 1.
Re = 0.
Ra = 20.
ampl = 1e-5
tau = 2
